MEME version 4

ALPHABET= ACGT

strands: + -

Background letter frequencies
A 0.25 C 0.25 G 0.25 T 0.25

MOTIF MA2545.1 ZNF57
letter-probability matrix: alength= 4 w= 24 nsites= 77 E= 0
 0.103896  0.090909  0.766234  0.038961
 0.220779  0.090909  0.623377  0.064935
 0.142857  0.545455  0.207792  0.103896
 0.376623  0.051948  0.454545  0.116883
 0.025974  0.000000  0.974026  0.000000
 0.025974  0.025974  0.922078  0.025974
 0.051948  0.012987  0.922078  0.012987
 0.922078  0.064935  0.000000  0.012987
 0.038961  0.000000  0.961039  0.000000
 0.000000  0.025974  0.961039  0.012987
 0.038961  0.000000  0.948052  0.012987
 0.077922  0.012987  0.000000  0.909091
 0.000000  0.012987  0.987013  0.000000
 0.012987  0.012987  0.000000  0.974026
 0.987013  0.000000  0.012987  0.000000
 0.012987  0.428571  0.038961  0.519481
 0.285714  0.038961  0.025974  0.649351
 0.116883  0.181818  0.597403  0.103896
 0.103896  0.194805  0.090909  0.610390
 0.090909  0.714286  0.064935  0.129870
 0.571429  0.103896  0.077922  0.246753
 0.116883  0.610390  0.103896  0.168831
 0.623377  0.116883  0.103896  0.155844
 0.558442  0.155844  0.155844  0.129870
URL http://jaspar.elixir.no/matrix/MA2545.1

