MEME version 4

ALPHABET= ACGT

strands: + -

Background letter frequencies
A 0.25 C 0.25 G 0.25 T 0.25

MOTIF MA2524.1 ZNF696
letter-probability matrix: alength= 4 w= 21 nsites= 82 E= 0
 0.134146  0.073171  0.182927  0.609756
 0.158537  0.060976  0.719512  0.060976
 0.048780  0.012195  0.073171  0.865854
 0.000000  0.000000  1.000000  0.000000
 0.036585  0.000000  0.060976  0.902439
 0.000000  0.012195  0.000000  0.987805
 0.853659  0.000000  0.146341  0.000000
 1.000000  0.000000  0.000000  0.000000
 0.000000  0.000000  1.000000  0.000000
 0.939024  0.036585  0.000000  0.024390
 0.987805  0.000000  0.012195  0.000000
 0.487805  0.000000  0.475610  0.036585
 0.012195  0.012195  0.963415  0.012195
 0.878049  0.024390  0.097561  0.000000
 0.000000  0.048780  0.097561  0.853659
 0.024390  0.048780  0.182927  0.743902
 0.000000  0.963415  0.024390  0.012195
 0.121951  0.060976  0.012195  0.804878
 0.000000  0.012195  0.963415  0.024390
 0.939024  0.036585  0.012195  0.012195
 0.060976  0.000000  0.878049  0.060976
URL http://jaspar.elixir.no/matrix/MA2524.1

