MEME version 4

ALPHABET= ACGT

strands: + -

Background letter frequencies
A 0.25 C 0.25 G 0.25 T 0.25

MOTIF MA2689.1 ZNF470
letter-probability matrix: alength= 4 w= 16 nsites= 72 E= 0
 0.013889  0.138889  0.125000  0.722222
 0.166667  0.319444  0.111111  0.402778
 0.069444  0.416667  0.125000  0.388889
 0.000000  0.000000  0.000000  1.000000
 0.013889  0.916667  0.041667  0.027778
 0.055556  0.000000  0.027778  0.916667
 0.013889  0.013889  0.000000  0.972222
 0.027778  0.944444  0.027778  0.000000
 0.027778  0.027778  0.000000  0.944444
 0.083333  0.013889  0.791667  0.111111
 0.027778  0.055556  0.138889  0.777778
 0.013889  0.069444  0.097222  0.819444
 0.138889  0.111111  0.166667  0.583333
 0.263889  0.388889  0.194444  0.152778
 0.152778  0.680556  0.041667  0.125000
 0.111111  0.138889  0.069444  0.680556
URL http://jaspar.elixir.no/matrix/MA2689.1

